# format: first line must contain (num_ombh2,num_lambda_G_rad), 
# other lines must contain (ombh2,lambda_G_rad,YHe) 
# Beware, omegab = 8*pi*G_6.67*rho_b*h^2/(3*H_0^2), lambda_G_mat not taken into account in this definition and lambda_G_mat = 0.95 here. We used PArthENoPE 3.0 to create this file.

50 23 

0.02024  0.700  0.22280 
0.02041  0.700  0.22288 
0.02057  0.700  0.22297 
0.02074  0.700  0.22305 
0.02090  0.700  0.22314 
0.02107  0.700  0.22322 
0.02123  0.700  0.22330 
0.02140  0.700  0.22338 
0.02156  0.700  0.22346 
0.02173  0.700  0.22354 
0.02189  0.700  0.22362 
0.02206  0.700  0.22370 
0.02222  0.700  0.22378 
0.02239  0.700  0.22386 
0.02255  0.700  0.22394 
0.02272  0.700  0.22401 
0.02288  0.700  0.22409 
0.02305  0.700  0.22416 
0.02321  0.700  0.22424 
0.02338  0.700  0.22431 
0.02355  0.700  0.22438 
0.02371  0.700  0.22446 
0.02388  0.700  0.22453 
0.02404  0.700  0.22460 
0.02421  0.700  0.22467 
0.02437  0.700  0.22474 
0.02454  0.700  0.22481 
0.02470  0.700  0.22488 
0.02487  0.700  0.22495 
0.02503  0.700  0.22502 
0.02520  0.700  0.22508 
0.02536  0.700  0.22515 
0.02553  0.700  0.22522 
0.02569  0.700  0.22529 
0.02586  0.700  0.22535 
0.02602  0.700  0.22542 
0.02619  0.700  0.22548 
0.02635  0.700  0.22555 
0.02652  0.700  0.22561 
0.02668  0.700  0.22567 
0.02685  0.700  0.22574 
0.02701  0.700  0.22580 
0.02718  0.700  0.22586 
0.02735  0.700  0.22592 
0.02751  0.700  0.22598 
0.02768  0.700  0.22605 
0.02784  0.700  0.22611 
0.02801  0.700  0.22617 
0.02817  0.700  0.22623 
0.02834  0.700  0.22629 
0.02024  0.800  0.22784 
0.02041  0.800  0.22793 
0.02057  0.800  0.22801 
0.02074  0.800  0.22809 
0.02090  0.800  0.22817 
0.02107  0.800  0.22826 
0.02123  0.800  0.22834 
0.02140  0.800  0.22842 
0.02156  0.800  0.22849 
0.02173  0.800  0.22857 
0.02189  0.800  0.22865 
0.02206  0.800  0.22873 
0.02222  0.800  0.22880 
0.02239  0.800  0.22888 
0.02255  0.800  0.22895 
0.02272  0.800  0.22903 
0.02288  0.800  0.22910 
0.02305  0.800  0.22917 
0.02321  0.800  0.22925 
0.02338  0.800  0.22932 
0.02354  0.800  0.22939 
0.02371  0.800  0.22946 
0.02387  0.800  0.22953 
0.02404  0.800  0.22960 
0.02421  0.800  0.22967 
0.02437  0.800  0.22974 
0.02454  0.800  0.22981 
0.02470  0.800  0.22987 
0.02487  0.800  0.22994 
0.02503  0.800  0.23001 
0.02520  0.800  0.23007 
0.02536  0.800  0.23014 
0.02553  0.800  0.23020 
0.02569  0.800  0.23027 
0.02586  0.800  0.23033 
0.02602  0.800  0.23040 
0.02619  0.800  0.23046 
0.02635  0.800  0.23052 
0.02652  0.800  0.23058 
0.02668  0.800  0.23065 
0.02685  0.800  0.23071 
0.02701  0.800  0.23077 
0.02718  0.800  0.23083 
0.02734  0.800  0.23089 
0.02751  0.800  0.23095 
0.02767  0.800  0.23101 
0.02784  0.800  0.23107 
0.02800  0.800  0.23113 
0.02817  0.800  0.23118 
0.02834  0.800  0.23124 
0.02024  0.900  0.23311 
0.02040  0.900  0.23319 
0.02057  0.900  0.23328 
0.02073  0.900  0.23336 
0.02090  0.900  0.23344 
0.02107  0.900  0.23352 
0.02123  0.900  0.23359 
0.02140  0.900  0.23367 
0.02156  0.900  0.23375 
0.02173  0.900  0.23383 
0.02189  0.900  0.23390 
0.02206  0.900  0.23398 
0.02222  0.900  0.23405 
0.02239  0.900  0.23412 
0.02255  0.900  0.23420 
0.02272  0.900  0.23427 
0.02288  0.900  0.23434 
0.02305  0.900  0.23441 
0.02321  0.900  0.23448 
0.02338  0.900  0.23455 
0.02354  0.900  0.23462 
0.02371  0.900  0.23469 
0.02387  0.900  0.23476 
0.02404  0.900  0.23483 
0.02420  0.900  0.23489 
0.02437  0.900  0.23496 
0.02453  0.900  0.23503 
0.02470  0.900  0.23509 
0.02487  0.900  0.23516 
0.02503  0.900  0.23522 
0.02520  0.900  0.23529 
0.02536  0.900  0.23535 
0.02553  0.900  0.23542 
0.02569  0.900  0.23548 
0.02586  0.900  0.23554 
0.02602  0.900  0.23560 
0.02619  0.900  0.23566 
0.02635  0.900  0.23573 
0.02652  0.900  0.23579 
0.02668  0.900  0.23585 
0.02685  0.900  0.23591 
0.02701  0.900  0.23597 
0.02718  0.900  0.23602 
0.02734  0.900  0.23608 
0.02751  0.900  0.23614 
0.02767  0.900  0.23620 
0.02784  0.900  0.23626 
0.02800  0.900  0.23631 
0.02817  0.900  0.23637 
0.02833  0.900  0.23643 
0.02024  1.000  0.23854 
0.02040  1.000  0.23862 
0.02057  1.000  0.23870 
0.02073  1.000  0.23878 
0.02090  1.000  0.23885 
0.02106  1.000  0.23893 
0.02123  1.000  0.23901 
0.02139  1.000  0.23908 
0.02156  1.000  0.23916 
0.02173  1.000  0.23923 
0.02189  1.000  0.23931 
0.02206  1.000  0.23938 
0.02222  1.000  0.23945 
0.02239  1.000  0.23953 
0.02255  1.000  0.23960 
0.02272  1.000  0.23967 
0.02288  1.000  0.23974 
0.02305  1.000  0.23981 
0.02321  1.000  0.23988 
0.02338  1.000  0.23995 
0.02354  1.000  0.24001 
0.02371  1.000  0.24008 
0.02387  1.000  0.24015 
0.02404  1.000  0.24021 
0.02420  1.000  0.24028 
0.02437  1.000  0.24034 
0.02453  1.000  0.24041 
0.02470  1.000  0.24047 
0.02486  1.000  0.24054 
0.02503  1.000  0.24060 
0.02519  1.000  0.24066 
0.02536  1.000  0.24073 
0.02552  1.000  0.24079 
0.02569  1.000  0.24085 
0.02586  1.000  0.24091 
0.02602  1.000  0.24097 
0.02619  1.000  0.24103 
0.02635  1.000  0.24109 
0.02652  1.000  0.24115 
0.02668  1.000  0.24121 
0.02685  1.000  0.24126 
0.02701  1.000  0.24132 
0.02718  1.000  0.24138 
0.02734  1.000  0.24144 
0.02751  1.000  0.24149 
0.02767  1.000  0.24155 
0.02784  1.000  0.24161 
0.02800  1.000  0.24166 
0.02817  1.000  0.24172 
0.02833  1.000  0.24177 
0.02024  1.020  0.23964 
0.02040  1.020  0.23972 
0.02057  1.020  0.23980 
0.02073  1.020  0.23987 
0.02090  1.020  0.23995 
0.02106  1.020  0.24003 
0.02123  1.020  0.24011 
0.02139  1.020  0.24018 
0.02156  1.020  0.24026 
0.02173  1.020  0.24033 
0.02189  1.020  0.24040 
0.02206  1.020  0.24048 
0.02222  1.020  0.24055 
0.02239  1.020  0.24062 
0.02255  1.020  0.24069 
0.02272  1.020  0.24076 
0.02288  1.020  0.24083 
0.02305  1.020  0.24090 
0.02321  1.020  0.24097 
0.02338  1.020  0.24104 
0.02354  1.020  0.24111 
0.02371  1.020  0.24117 
0.02387  1.020  0.24124 
0.02404  1.020  0.24130 
0.02420  1.020  0.24137 
0.02437  1.020  0.24144 
0.02453  1.020  0.24150 
0.02470  1.020  0.24156 
0.02486  1.020  0.24163 
0.02503  1.020  0.24169 
0.02519  1.020  0.24175 
0.02536  1.020  0.24181 
0.02552  1.020  0.24188 
0.02569  1.020  0.24194 
0.02586  1.020  0.24200 
0.02602  1.020  0.24206 
0.02619  1.020  0.24212 
0.02635  1.020  0.24218 
0.02652  1.020  0.24223 
0.02668  1.020  0.24229 
0.02685  1.020  0.24235 
0.02701  1.020  0.24241 
0.02718  1.020  0.24247 
0.02734  1.020  0.24252 
0.02751  1.020  0.24258 
0.02767  1.020  0.24263 
0.02784  1.020  0.24269 
0.02800  1.020  0.24275 
0.02817  1.020  0.24280 
0.02833  1.020  0.24285 
0.02024  1.040  0.24074 
0.02040  1.040  0.24082 
0.02057  1.040  0.24090 
0.02073  1.040  0.24097 
0.02090  1.040  0.24105 
0.02106  1.040  0.24113 
0.02123  1.040  0.24121 
0.02139  1.040  0.24128 
0.02156  1.040  0.24136 
0.02172  1.040  0.24143 
0.02189  1.040  0.24150 
0.02206  1.040  0.24158 
0.02222  1.040  0.24165 
0.02239  1.040  0.24172 
0.02255  1.040  0.24179 
0.02272  1.040  0.24186 
0.02288  1.040  0.24193 
0.02305  1.040  0.24200 
0.02321  1.040  0.24207 
0.02338  1.040  0.24213 
0.02354  1.040  0.24220 
0.02371  1.040  0.24227 
0.02387  1.040  0.24233 
0.02404  1.040  0.24240 
0.02420  1.040  0.24246 
0.02437  1.040  0.24253 
0.02453  1.040  0.24259 
0.02470  1.040  0.24266 
0.02486  1.040  0.24272 
0.02503  1.040  0.24278 
0.02519  1.040  0.24284 
0.02536  1.040  0.24291 
0.02552  1.040  0.24297 
0.02569  1.040  0.24303 
0.02585  1.040  0.24309 
0.02602  1.040  0.24315 
0.02619  1.040  0.24321 
0.02635  1.040  0.24327 
0.02652  1.040  0.24332 
0.02668  1.040  0.24338 
0.02685  1.040  0.24344 
0.02701  1.040  0.24350 
0.02718  1.040  0.24355 
0.02734  1.040  0.24361 
0.02751  1.040  0.24367 
0.02767  1.040  0.24372 
0.02784  1.040  0.24378 
0.02800  1.040  0.24383 
0.02817  1.040  0.24389 
0.02833  1.040  0.24394 
0.02024  1.050  0.24129 
0.02040  1.050  0.24137 
0.02057  1.050  0.24145 
0.02073  1.050  0.24153 
0.02090  1.050  0.24160 
0.02106  1.050  0.24168 
0.02123  1.050  0.24176 
0.02139  1.050  0.24183 
0.02156  1.050  0.24191 
0.02172  1.050  0.24198 
0.02189  1.050  0.24205 
0.02206  1.050  0.24213 
0.02222  1.050  0.24220 
0.02239  1.050  0.24227 
0.02255  1.050  0.24234 
0.02272  1.050  0.24241 
0.02288  1.050  0.24248 
0.02305  1.050  0.24255 
0.02321  1.050  0.24261 
0.02338  1.050  0.24268 
0.02354  1.050  0.24275 
0.02371  1.050  0.24282 
0.02387  1.050  0.24288 
0.02404  1.050  0.24295 
0.02420  1.050  0.24301 
0.02437  1.050  0.24308 
0.02453  1.050  0.24314 
0.02470  1.050  0.24320 
0.02486  1.050  0.24327 
0.02503  1.050  0.24333 
0.02519  1.050  0.24339 
0.02536  1.050  0.24345 
0.02552  1.050  0.24351 
0.02569  1.050  0.24358 
0.02585  1.050  0.24364 
0.02602  1.050  0.24369 
0.02619  1.050  0.24375 
0.02635  1.050  0.24381 
0.02652  1.050  0.24387 
0.02668  1.050  0.24393 
0.02685  1.050  0.24399 
0.02701  1.050  0.24404 
0.02718  1.050  0.24410 
0.02734  1.050  0.24416 
0.02751  1.050  0.24421 
0.02767  1.050  0.24427 
0.02784  1.050  0.24432 
0.02800  1.050  0.24438 
0.02817  1.050  0.24443 
0.02833  1.050  0.24449 
0.02024  1.060  0.24184 
0.02040  1.060  0.24192 
0.02057  1.060  0.24200 
0.02073  1.060  0.24208 
0.02090  1.060  0.24216 
0.02106  1.060  0.24223 
0.02123  1.060  0.24231 
0.02139  1.060  0.24238 
0.02156  1.060  0.24246 
0.02172  1.060  0.24253 
0.02189  1.060  0.24260 
0.02206  1.060  0.24268 
0.02222  1.060  0.24275 
0.02239  1.060  0.24282 
0.02255  1.060  0.24289 
0.02272  1.060  0.24296 
0.02288  1.060  0.24303 
0.02305  1.060  0.24310 
0.02321  1.060  0.24317 
0.02338  1.060  0.24323 
0.02354  1.060  0.24330 
0.02371  1.060  0.24337 
0.02387  1.060  0.24343 
0.02404  1.060  0.24350 
0.02420  1.060  0.24356 
0.02437  1.060  0.24363 
0.02453  1.060  0.24369 
0.02470  1.060  0.24375 
0.02486  1.060  0.24382 
0.02503  1.060  0.24388 
0.02519  1.060  0.24394 
0.02536  1.060  0.24400 
0.02552  1.060  0.24406 
0.02569  1.060  0.24412 
0.02585  1.060  0.24418 
0.02602  1.060  0.24424 
0.02619  1.060  0.24430 
0.02635  1.060  0.24436 
0.02652  1.060  0.24442 
0.02668  1.060  0.24448 
0.02685  1.060  0.24453 
0.02701  1.060  0.24459 
0.02718  1.060  0.24465 
0.02734  1.060  0.24470 
0.02751  1.060  0.24476 
0.02767  1.060  0.24481 
0.02784  1.060  0.24487 
0.02800  1.060  0.24492 
0.02817  1.060  0.24498 
0.02833  1.060  0.24503 
0.02024  1.070  0.24240 
0.02040  1.070  0.24248 
0.02057  1.070  0.24255 
0.02073  1.070  0.24263 
0.02090  1.070  0.24271 
0.02106  1.070  0.24279 
0.02123  1.070  0.24286 
0.02139  1.070  0.24294 
0.02156  1.070  0.24301 
0.02172  1.070  0.24308 
0.02189  1.070  0.24316 
0.02206  1.070  0.24323 
0.02222  1.070  0.24330 
0.02239  1.070  0.24337 
0.02255  1.070  0.24344 
0.02272  1.070  0.24351 
0.02288  1.070  0.24358 
0.02305  1.070  0.24365 
0.02321  1.070  0.24372 
0.02338  1.070  0.24378 
0.02354  1.070  0.24385 
0.02371  1.070  0.24392 
0.02387  1.070  0.24398 
0.02404  1.070  0.24405 
0.02420  1.070  0.24411 
0.02437  1.070  0.24418 
0.02453  1.070  0.24424 
0.02470  1.070  0.24430 
0.02486  1.070  0.24437 
0.02503  1.070  0.24443 
0.02519  1.070  0.24449 
0.02536  1.070  0.24455 
0.02552  1.070  0.24461 
0.02569  1.070  0.24467 
0.02585  1.070  0.24473 
0.02602  1.070  0.24479 
0.02618  1.070  0.24485 
0.02635  1.070  0.24491 
0.02652  1.070  0.24497 
0.02668  1.070  0.24502 
0.02685  1.070  0.24508 
0.02701  1.070  0.24514 
0.02718  1.070  0.24519 
0.02734  1.070  0.24525 
0.02751  1.070  0.24531 
0.02767  1.070  0.24536 
0.02784  1.070  0.24542 
0.02800  1.070  0.24547 
0.02817  1.070  0.24552 
0.02833  1.070  0.24558 
0.02024  1.080  0.24295 
0.02040  1.080  0.24303 
0.02057  1.080  0.24311 
0.02073  1.080  0.24319 
0.02090  1.080  0.24326 
0.02106  1.080  0.24334 
0.02123  1.080  0.24341 
0.02139  1.080  0.24349 
0.02156  1.080  0.24356 
0.02172  1.080  0.24364 
0.02189  1.080  0.24371 
0.02205  1.080  0.24378 
0.02222  1.080  0.24385 
0.02239  1.080  0.24392 
0.02255  1.080  0.24399 
0.02272  1.080  0.24406 
0.02288  1.080  0.24413 
0.02305  1.080  0.24420 
0.02321  1.080  0.24427 
0.02338  1.080  0.24434 
0.02354  1.080  0.24440 
0.02371  1.080  0.24447 
0.02387  1.080  0.24453 
0.02404  1.080  0.24460 
0.02420  1.080  0.24466 
0.02437  1.080  0.24473 
0.02453  1.080  0.24479 
0.02470  1.080  0.24485 
0.02486  1.080  0.24492 
0.02503  1.080  0.24498 
0.02519  1.080  0.24504 
0.02536  1.080  0.24510 
0.02552  1.080  0.24516 
0.02569  1.080  0.24522 
0.02585  1.080  0.24528 
0.02602  1.080  0.24534 
0.02618  1.080  0.24540 
0.02635  1.080  0.24546 
0.02652  1.080  0.24552 
0.02668  1.080  0.24557 
0.02685  1.080  0.24563 
0.02701  1.080  0.24569 
0.02718  1.080  0.24574 
0.02734  1.080  0.24580 
0.02751  1.080  0.24585 
0.02767  1.080  0.24591 
0.02784  1.080  0.24596 
0.02800  1.080  0.24602 
0.02817  1.080  0.24607 
0.02833  1.080  0.24613 
0.02024  1.085  0.24323 
0.02040  1.085  0.24331 
0.02057  1.085  0.24339 
0.02073  1.085  0.24346 
0.02090  1.085  0.24354 
0.02106  1.085  0.24362 
0.02123  1.085  0.24369 
0.02139  1.085  0.24377 
0.02156  1.085  0.24384 
0.02172  1.085  0.24391 
0.02189  1.085  0.24399 
0.02205  1.085  0.24406 
0.02222  1.085  0.24413 
0.02239  1.085  0.24420 
0.02255  1.085  0.24427 
0.02272  1.085  0.24434 
0.02288  1.085  0.24441 
0.02305  1.085  0.24448 
0.02321  1.085  0.24454 
0.02338  1.085  0.24461 
0.02354  1.085  0.24468 
0.02371  1.085  0.24474 
0.02387  1.085  0.24481 
0.02404  1.085  0.24487 
0.02420  1.085  0.24494 
0.02437  1.085  0.24500 
0.02453  1.085  0.24507 
0.02470  1.085  0.24513 
0.02486  1.085  0.24519 
0.02503  1.085  0.24525 
0.02519  1.085  0.24531 
0.02536  1.085  0.24538 
0.02552  1.085  0.24544 
0.02569  1.085  0.24550 
0.02585  1.085  0.24556 
0.02602  1.085  0.24561 
0.02618  1.085  0.24567 
0.02635  1.085  0.24573 
0.02652  1.085  0.24579 
0.02668  1.085  0.24585 
0.02685  1.085  0.24590 
0.02701  1.085  0.24596 
0.02718  1.085  0.24602 
0.02734  1.085  0.24607 
0.02751  1.085  0.24613 
0.02767  1.085  0.24618 
0.02784  1.085  0.24624 
0.02800  1.085  0.24629 
0.02817  1.085  0.24635 
0.02833  1.085  0.24640 
0.02024  1.090  0.24351 
0.02040  1.090  0.24359 
0.02057  1.090  0.24366 
0.02073  1.090  0.24374 
0.02090  1.090  0.24382 
0.02106  1.090  0.24389 
0.02123  1.090  0.24397 
0.02139  1.090  0.24404 
0.02156  1.090  0.24412 
0.02172  1.090  0.24419 
0.02189  1.090  0.24426 
0.02205  1.090  0.24433 
0.02222  1.090  0.24441 
0.02239  1.090  0.24448 
0.02255  1.090  0.24455 
0.02272  1.090  0.24462 
0.02288  1.090  0.24468 
0.02305  1.090  0.24475 
0.02321  1.090  0.24482 
0.02338  1.090  0.24489 
0.02354  1.090  0.24495 
0.02371  1.090  0.24502 
0.02387  1.090  0.24509 
0.02404  1.090  0.24515 
0.02420  1.090  0.24521 
0.02437  1.090  0.24528 
0.02453  1.090  0.24534 
0.02470  1.090  0.24540 
0.02486  1.090  0.24547 
0.02503  1.090  0.24553 
0.02519  1.090  0.24559 
0.02536  1.090  0.24565 
0.02552  1.090  0.24571 
0.02569  1.090  0.24577 
0.02585  1.090  0.24583 
0.02602  1.090  0.24589 
0.02618  1.090  0.24595 
0.02635  1.090  0.24601 
0.02652  1.090  0.24606 
0.02668  1.090  0.24612 
0.02685  1.090  0.24618 
0.02701  1.090  0.24624 
0.02718  1.090  0.24629 
0.02734  1.090  0.24635 
0.02751  1.090  0.24640 
0.02767  1.090  0.24646 
0.02784  1.090  0.24651 
0.02800  1.090  0.24657 
0.02817  1.090  0.24662 
0.02833  1.090  0.24667 
0.02024  1.092  0.24362 
0.02040  1.092  0.24370 
0.02057  1.092  0.24377 
0.02073  1.092  0.24385 
0.02090  1.092  0.24393 
0.02106  1.092  0.24400 
0.02123  1.092  0.24408 
0.02139  1.092  0.24415 
0.02156  1.092  0.24423 
0.02172  1.092  0.24430 
0.02189  1.092  0.24437 
0.02205  1.092  0.24445 
0.02222  1.092  0.24452 
0.02239  1.092  0.24459 
0.02255  1.092  0.24466 
0.02272  1.092  0.24473 
0.02288  1.092  0.24480 
0.02305  1.092  0.24486 
0.02321  1.092  0.24493 
0.02338  1.092  0.24500 
0.02354  1.092  0.24506 
0.02371  1.092  0.24513 
0.02387  1.092  0.24520 
0.02404  1.092  0.24526 
0.02420  1.092  0.24532 
0.02437  1.092  0.24539 
0.02453  1.092  0.24545 
0.02470  1.092  0.24551 
0.02486  1.092  0.24558 
0.02503  1.092  0.24564 
0.02519  1.092  0.24570 
0.02536  1.092  0.24576 
0.02552  1.092  0.24582 
0.02569  1.092  0.24588 
0.02585  1.092  0.24594 
0.02602  1.092  0.24600 
0.02618  1.092  0.24606 
0.02635  1.092  0.24612 
0.02652  1.092  0.24617 
0.02668  1.092  0.24623 
0.02685  1.092  0.24629 
0.02701  1.092  0.24635 
0.02718  1.092  0.24640 
0.02734  1.092  0.24646 
0.02751  1.092  0.24651 
0.02767  1.092  0.24657 
0.02784  1.092  0.24662 
0.02800  1.092  0.24668 
0.02817  1.092  0.24673 
0.02833  1.092  0.24678 
0.02024  1.094  0.24373 
0.02040  1.094  0.24381 
0.02057  1.094  0.24389 
0.02073  1.094  0.24396 
0.02090  1.094  0.24404 
0.02106  1.094  0.24412 
0.02123  1.094  0.24419 
0.02139  1.094  0.24427 
0.02156  1.094  0.24434 
0.02172  1.094  0.24441 
0.02189  1.094  0.24448 
0.02205  1.094  0.24456 
0.02222  1.094  0.24463 
0.02239  1.094  0.24470 
0.02255  1.094  0.24477 
0.02272  1.094  0.24484 
0.02288  1.094  0.24491 
0.02305  1.094  0.24497 
0.02321  1.094  0.24504 
0.02338  1.094  0.24511 
0.02354  1.094  0.24518 
0.02371  1.094  0.24524 
0.02387  1.094  0.24531 
0.02404  1.094  0.24537 
0.02420  1.094  0.24544 
0.02437  1.094  0.24550 
0.02453  1.094  0.24556 
0.02470  1.094  0.24563 
0.02486  1.094  0.24569 
0.02503  1.094  0.24575 
0.02519  1.094  0.24581 
0.02536  1.094  0.24587 
0.02552  1.094  0.24593 
0.02569  1.094  0.24599 
0.02585  1.094  0.24605 
0.02602  1.094  0.24611 
0.02618  1.094  0.24617 
0.02635  1.094  0.24623 
0.02652  1.094  0.24628 
0.02668  1.094  0.24634 
0.02685  1.094  0.24640 
0.02701  1.094  0.24646 
0.02718  1.094  0.24651 
0.02734  1.094  0.24657 
0.02751  1.094  0.24662 
0.02767  1.094  0.24668 
0.02784  1.094  0.24673 
0.02800  1.094  0.24679 
0.02817  1.094  0.24684 
0.02833  1.094  0.24689 
0.02024  1.096  0.24384 
0.02040  1.096  0.24392 
0.02057  1.096  0.24400 
0.02073  1.096  0.24407 
0.02090  1.096  0.24415 
0.02106  1.096  0.24423 
0.02123  1.096  0.24430 
0.02139  1.096  0.24438 
0.02156  1.096  0.24445 
0.02172  1.096  0.24452 
0.02189  1.096  0.24460 
0.02205  1.096  0.24467 
0.02222  1.096  0.24474 
0.02239  1.096  0.24481 
0.02255  1.096  0.24488 
0.02272  1.096  0.24495 
0.02288  1.096  0.24502 
0.02305  1.096  0.24508 
0.02321  1.096  0.24515 
0.02338  1.096  0.24522 
0.02354  1.096  0.24529 
0.02371  1.096  0.24535 
0.02387  1.096  0.24542 
0.02404  1.096  0.24548 
0.02420  1.096  0.24555 
0.02437  1.096  0.24561 
0.02453  1.096  0.24567 
0.02470  1.096  0.24574 
0.02486  1.096  0.24580 
0.02503  1.096  0.24586 
0.02519  1.096  0.24592 
0.02536  1.096  0.24598 
0.02552  1.096  0.24604 
0.02569  1.096  0.24610 
0.02585  1.096  0.24616 
0.02602  1.096  0.24622 
0.02618  1.096  0.24628 
0.02635  1.096  0.24634 
0.02652  1.096  0.24639 
0.02668  1.096  0.24645 
0.02685  1.096  0.24651 
0.02701  1.096  0.24657 
0.02718  1.096  0.24662 
0.02734  1.096  0.24668 
0.02751  1.096  0.24673 
0.02767  1.096  0.24679 
0.02784  1.096  0.24684 
0.02800  1.096  0.24690 
0.02817  1.096  0.24695 
0.02833  1.096  0.24700 
0.02024  1.098  0.24395 
0.02040  1.098  0.24403 
0.02057  1.098  0.24411 
0.02073  1.098  0.24418 
0.02090  1.098  0.24426 
0.02106  1.098  0.24434 
0.02123  1.098  0.24441 
0.02139  1.098  0.24449 
0.02156  1.098  0.24456 
0.02172  1.098  0.24463 
0.02189  1.098  0.24471 
0.02205  1.098  0.24478 
0.02222  1.098  0.24485 
0.02239  1.098  0.24492 
0.02255  1.098  0.24499 
0.02272  1.098  0.24506 
0.02288  1.098  0.24513 
0.02305  1.098  0.24520 
0.02321  1.098  0.24526 
0.02338  1.098  0.24533 
0.02354  1.098  0.24540 
0.02371  1.098  0.24546 
0.02387  1.098  0.24553 
0.02404  1.098  0.24559 
0.02420  1.098  0.24566 
0.02437  1.098  0.24572 
0.02453  1.098  0.24578 
0.02470  1.098  0.24585 
0.02486  1.098  0.24591 
0.02503  1.098  0.24597 
0.02519  1.098  0.24603 
0.02536  1.098  0.24609 
0.02552  1.098  0.24615 
0.02569  1.098  0.24621 
0.02585  1.098  0.24627 
0.02602  1.098  0.24633 
0.02618  1.098  0.24639 
0.02635  1.098  0.24645 
0.02652  1.098  0.24650 
0.02668  1.098  0.24656 
0.02685  1.098  0.24662 
0.02701  1.098  0.24667 
0.02718  1.098  0.24673 
0.02734  1.098  0.24679 
0.02751  1.098  0.24684 
0.02767  1.098  0.24690 
0.02784  1.098  0.24695 
0.02800  1.098  0.24701 
0.02817  1.098  0.24706 
0.02833  1.098  0.24711 
0.02024  1.100  0.24406 
0.02040  1.100  0.24414 
0.02057  1.100  0.24422 
0.02073  1.100  0.24430 
0.02090  1.100  0.24437 
0.02106  1.100  0.24445 
0.02123  1.100  0.24452 
0.02139  1.100  0.24460 
0.02156  1.100  0.24467 
0.02172  1.100  0.24474 
0.02189  1.100  0.24482 
0.02205  1.100  0.24489 
0.02222  1.100  0.24496 
0.02239  1.100  0.24503 
0.02255  1.100  0.24510 
0.02272  1.100  0.24517 
0.02288  1.100  0.24524 
0.02305  1.100  0.24531 
0.02321  1.100  0.24537 
0.02338  1.100  0.24544 
0.02354  1.100  0.24551 
0.02371  1.100  0.24557 
0.02387  1.100  0.24564 
0.02404  1.100  0.24570 
0.02420  1.100  0.24577 
0.02437  1.100  0.24583 
0.02453  1.100  0.24589 
0.02470  1.100  0.24596 
0.02486  1.100  0.24602 
0.02503  1.100  0.24608 
0.02519  1.100  0.24614 
0.02536  1.100  0.24620 
0.02552  1.100  0.24626 
0.02569  1.100  0.24632 
0.02585  1.100  0.24638 
0.02602  1.100  0.24644 
0.02618  1.100  0.24650 
0.02635  1.100  0.24656 
0.02652  1.100  0.24661 
0.02668  1.100  0.24667 
0.02685  1.100  0.24673 
0.02701  1.100  0.24678 
0.02718  1.100  0.24684 
0.02734  1.100  0.24690 
0.02751  1.100  0.24695 
0.02767  1.100  0.24701 
0.02784  1.100  0.24706 
0.02800  1.100  0.24712 
0.02817  1.100  0.24717 
0.02833  1.100  0.24722 
0.02024  1.150  0.24685 
0.02040  1.150  0.24693 
0.02057  1.150  0.24700 
0.02073  1.150  0.24708 
0.02090  1.150  0.24716 
0.02106  1.150  0.24723 
0.02123  1.150  0.24731 
0.02139  1.150  0.24738 
0.02156  1.150  0.24745 
0.02172  1.150  0.24752 
0.02189  1.150  0.24760 
0.02205  1.150  0.24767 
0.02222  1.150  0.24774 
0.02238  1.150  0.24781 
0.02255  1.150  0.24788 
0.02272  1.150  0.24794 
0.02288  1.150  0.24801 
0.02305  1.150  0.24808 
0.02321  1.150  0.24815 
0.02338  1.150  0.24821 
0.02354  1.150  0.24828 
0.02371  1.150  0.24834 
0.02387  1.150  0.24841 
0.02404  1.150  0.24847 
0.02420  1.150  0.24853 
0.02437  1.150  0.24860 
0.02453  1.150  0.24866 
0.02470  1.150  0.24872 
0.02486  1.150  0.24878 
0.02503  1.150  0.24884 
0.02519  1.150  0.24891 
0.02536  1.150  0.24897 
0.02552  1.150  0.24902 
0.02569  1.150  0.24908 
0.02585  1.150  0.24914 
0.02602  1.150  0.24920 
0.02618  1.150  0.24926 
0.02635  1.150  0.24932 
0.02651  1.150  0.24937 
0.02668  1.150  0.24943 
0.02684  1.150  0.24949 
0.02701  1.150  0.24954 
0.02718  1.150  0.24960 
0.02734  1.150  0.24965 
0.02751  1.150  0.24971 
0.02767  1.150  0.24976 
0.02784  1.150  0.24981 
0.02800  1.150  0.24987 
0.02817  1.150  0.24992 
0.02833  1.150  0.24997 
0.02024  1.200  0.24964 
0.02040  1.200  0.24972 
0.02057  1.200  0.24980 
0.02073  1.200  0.24987 
0.02090  1.200  0.24995 
0.02106  1.200  0.25002 
0.02123  1.200  0.25010 
0.02139  1.200  0.25017 
0.02156  1.200  0.25024 
0.02172  1.200  0.25031 
0.02189  1.200  0.25038 
0.02205  1.200  0.25045 
0.02222  1.200  0.25052 
0.02238  1.200  0.25059 
0.02255  1.200  0.25066 
0.02271  1.200  0.25073 
0.02288  1.200  0.25080 
0.02305  1.200  0.25086 
0.02321  1.200  0.25093 
0.02338  1.200  0.25099 
0.02354  1.200  0.25106 
0.02371  1.200  0.25112 
0.02387  1.200  0.25119 
0.02404  1.200  0.25125 
0.02420  1.200  0.25131 
0.02437  1.200  0.25137 
0.02453  1.200  0.25144 
0.02470  1.200  0.25150 
0.02486  1.200  0.25156 
0.02503  1.200  0.25162 
0.02519  1.200  0.25168 
0.02536  1.200  0.25174 
0.02552  1.200  0.25180 
0.02569  1.200  0.25186 
0.02585  1.200  0.25191 
0.02602  1.200  0.25197 
0.02618  1.200  0.25203 
0.02635  1.200  0.25209 
0.02651  1.200  0.25214 
0.02668  1.200  0.25220 
0.02684  1.200  0.25225 
0.02701  1.200  0.25231 
0.02717  1.200  0.25236 
0.02734  1.200  0.25242 
0.02751  1.200  0.25247 
0.02767  1.200  0.25253 
0.02784  1.200  0.25258 
0.02800  1.200  0.25263 
0.02817  1.200  0.25268 
0.02833  1.200  0.25274 
0.02024  1.300  0.25525 
0.02040  1.300  0.25532 
0.02057  1.300  0.25540 
0.02073  1.300  0.25547 
0.02090  1.300  0.25554 
0.02106  1.300  0.25562 
0.02123  1.300  0.25569 
0.02139  1.300  0.25576 
0.02156  1.300  0.25583 
0.02172  1.300  0.25590 
0.02189  1.300  0.25597 
0.02205  1.300  0.25604 
0.02222  1.300  0.25611 
0.02238  1.300  0.25618 
0.02255  1.300  0.25624 
0.02271  1.300  0.25631 
0.02288  1.300  0.25638 
0.02304  1.300  0.25644 
0.02321  1.300  0.25651 
0.02337  1.300  0.25657 
0.02354  1.300  0.25663 
0.02370  1.300  0.25670 
0.02387  1.300  0.25676 
0.02404  1.300  0.25682 
0.02420  1.300  0.25688 
0.02437  1.300  0.25695 
0.02453  1.300  0.25701 
0.02470  1.300  0.25707 
0.02486  1.300  0.25713 
0.02503  1.300  0.25718 
0.02519  1.300  0.25724 
0.02536  1.300  0.25730 
0.02552  1.300  0.25736 
0.02569  1.300  0.25742 
0.02585  1.300  0.25747 
0.02602  1.300  0.25753 
0.02618  1.300  0.25759 
0.02635  1.300  0.25764 
0.02651  1.300  0.25770 
0.02668  1.300  0.25775 
0.02684  1.300  0.25780 
0.02701  1.300  0.25786 
0.02717  1.300  0.25791 
0.02734  1.300  0.25797 
0.02750  1.300  0.25802 
0.02767  1.300  0.25807 
0.02783  1.300  0.25812 
0.02800  1.300  0.25817 
0.02816  1.300  0.25823 
0.02833  1.300  0.25828 
0.02024  1.400  0.26084 
0.02040  1.400  0.26092 
0.02057  1.400  0.26099 
0.02073  1.400  0.26106 
0.02090  1.400  0.26114 
0.02106  1.400  0.26121 
0.02123  1.400  0.26128 
0.02139  1.400  0.26135 
0.02156  1.400  0.26142 
0.02172  1.400  0.26149 
0.02189  1.400  0.26155 
0.02205  1.400  0.26162 
0.02222  1.400  0.26169 
0.02238  1.400  0.26176 
0.02255  1.400  0.26182 
0.02271  1.400  0.26189 
0.02288  1.400  0.26195 
0.02304  1.400  0.26202 
0.02321  1.400  0.26208 
0.02337  1.400  0.26214 
0.02354  1.400  0.26221 
0.02370  1.400  0.26227 
0.02387  1.400  0.26233 
0.02403  1.400  0.26239 
0.02420  1.400  0.26245 
0.02436  1.400  0.26251 
0.02453  1.400  0.26257 
0.02469  1.400  0.26263 
0.02486  1.400  0.26269 
0.02503  1.400  0.26275 
0.02519  1.400  0.26280 
0.02536  1.400  0.26286 
0.02552  1.400  0.26292 
0.02569  1.400  0.26297 
0.02585  1.400  0.26303 
0.02602  1.400  0.26308 
0.02618  1.400  0.26314 
0.02635  1.400  0.26319 
0.02651  1.400  0.26325 
0.02668  1.400  0.26330 
0.02684  1.400  0.26336 
0.02701  1.400  0.26341 
0.02717  1.400  0.26346 
0.02734  1.400  0.26351 
0.02750  1.400  0.26356 
0.02767  1.400  0.26362 
0.02783  1.400  0.26367 
0.02800  1.400  0.26372 
0.02816  1.400  0.26377 
0.02833  1.400  0.26382 
0.02023  1.500  0.26641 
0.02040  1.500  0.26648 
0.02056  1.500  0.26655 
0.02073  1.500  0.26663 
0.02090  1.500  0.26670 
0.02106  1.500  0.26677 
0.02123  1.500  0.26684 
0.02139  1.500  0.26691 
0.02156  1.500  0.26698 
0.02172  1.500  0.26705 
0.02189  1.500  0.26711 
0.02205  1.500  0.26718 
0.02222  1.500  0.26725 
0.02238  1.500  0.26731 
0.02255  1.500  0.26738 
0.02271  1.500  0.26744 
0.02288  1.500  0.26750 
0.02304  1.500  0.26757 
0.02321  1.500  0.26763 
0.02337  1.500  0.26769 
0.02354  1.500  0.26775 
0.02370  1.500  0.26782 
0.02387  1.500  0.26788 
0.02403  1.500  0.26793 
0.02420  1.500  0.26800 
0.02436  1.500  0.26805 
0.02453  1.500  0.26811 
0.02469  1.500  0.26817 
0.02486  1.500  0.26823 
0.02502  1.500  0.26828 
0.02519  1.500  0.26834 
0.02535  1.500  0.26840 
0.02552  1.500  0.26845 
0.02568  1.500  0.26851 
0.02585  1.500  0.26856 
0.02602  1.500  0.26862 
0.02618  1.500  0.26867 
0.02635  1.500  0.26872 
0.02651  1.500  0.26878 
0.02668  1.500  0.26883 
0.02684  1.500  0.26888 
0.02701  1.500  0.26893 
0.02717  1.500  0.26899 
0.02734  1.500  0.26904 
0.02750  1.500  0.26909 
0.02767  1.500  0.26914 
0.02783  1.500  0.26919 
0.02800  1.500  0.26924 
0.02816  1.500  0.26929 
0.02833  1.500  0.26934 
0.02023  1.600  0.27193 
0.02040  1.600  0.27200 
0.02056  1.600  0.27208 
0.02073  1.600  0.27215 
0.02089  1.600  0.27222 
0.02106  1.600  0.27229 
0.02122  1.600  0.27236 
0.02139  1.600  0.27243 
0.02155  1.600  0.27249 
0.02172  1.600  0.27256 
0.02189  1.600  0.27263 
0.02205  1.600  0.27269 
0.02222  1.600  0.27276 
0.02238  1.600  0.27282 
0.02255  1.600  0.27289 
0.02271  1.600  0.27295 
0.02288  1.600  0.27301 
0.02304  1.600  0.27307 
0.02321  1.600  0.27314 
0.02337  1.600  0.27320 
0.02354  1.600  0.27326 
0.02370  1.600  0.27332 
0.02387  1.600  0.27338 
0.02403  1.600  0.27344 
0.02420  1.600  0.27350 
0.02436  1.600  0.27355 
0.02453  1.600  0.27361 
0.02469  1.600  0.27367 
0.02486  1.600  0.27372 
0.02502  1.600  0.27378 
0.02519  1.600  0.27384 
0.02535  1.600  0.27389 
0.02552  1.600  0.27395 
0.02568  1.600  0.27400 
0.02585  1.600  0.27405 
0.02601  1.600  0.27411 
0.02618  1.600  0.27416 
0.02634  1.600  0.27421 
0.02651  1.600  0.27427 
0.02667  1.600  0.27432 
0.02684  1.600  0.27437 
0.02701  1.600  0.27442 
0.02717  1.600  0.27447 
0.02734  1.600  0.27452 
0.02750  1.600  0.27457 
0.02767  1.600  0.27462 
0.02783  1.600  0.27467 
0.02800  1.600  0.27472 
0.02816  1.600  0.27477 
0.02833  1.600  0.27481 
